-4.000000 0.000000
-3.960000 0.000000
-3.920000 0.000000
-3.880000 0.000000
-3.840000 0.000000
-3.800000 0.000000
-3.760000 0.000000
-3.720000 0.000000
-3.680000 0.000000
-3.640000 0.000000
-3.600000 0.000000
-3.560000 0.000000
-3.520000 0.000000
-3.480000 0.000000
-3.440000 0.000000
-3.400000 0.000000
-3.360000 0.000000
-3.320000 0.000000
-3.280000 0.000000
-3.240000 50.000000
-3.200000 0.000000
-3.160000 0.000000
-3.120000 0.000000
-3.080000 0.000000
-3.040000 0.000000
-3.000000 0.000000
-2.960000 0.000000
-2.920000 0.000000
-2.880000 0.000000
-2.840000 25.000000
-2.800000 0.000000
-2.760000 25.000000
-2.720000 75.000000
-2.680000 175.000000
-2.640000 175.000000
-2.600000 125.000000
-2.560000 100.000000
-2.520000 25.000000
-2.480000 50.000000
-2.440000 75.000000
-2.400000 75.000000
-2.360000 25.000000
-2.320000 25.000000
-2.280000 0.000000
-2.240000 50.000000
-2.200000 0.000000
-2.160000 0.000000
-2.120000 0.000000
-2.080000 25.000000
-2.040000 0.000000
-2.000000 0.000000
-1.960000 0.000000
-1.920000 25.000000
-1.880000 100.000000
-1.840000 50.000000
-1.800000 375.000000
-1.760000 575.000000
-1.720000 400.000000
-1.680000 125.000000
-1.640000 175.000000
-1.600000 50.000000
-1.560000 150.000000
-1.520000 75.000000
-1.480000 0.000000
-1.440000 75.000000
-1.400000 25.000000
-1.360000 0.000000
-1.320000 25.000000
-1.280000 50.000000
-1.240000 25.000000
-1.200000 0.000000
-1.160000 25.000000
-1.120000 50.000000
-1.080000 50.000000
-1.040000 75.000000
-1.000000 100.000000
-0.960000 175.000000
-0.920000 900.000000
-0.880000 1525.000000
-0.840000 900.000000
-0.800000 500.000000
-0.760000 275.000000
-0.720000 125.000000
-0.680000 100.000000
-0.640000 25.000000
-0.600000 50.000000
-0.560000 75.000000
-0.520000 0.000000
-0.480000 50.000000
-0.440000 0.000000
-0.400000 25.000000
-0.360000 50.000000
-0.320000 75.000000
-0.280000 25.000000
-0.240000 25.000000
-0.200000 100.000000
-0.160000 100.000000
-0.120000 75.000000
-0.080000 300.000000
-0.040000 725.000000
0.000000 1800.000000
0.040000 1950.000000
0.080000 825.000000
0.120000 200.000000
0.160000 125.000000
0.200000 75.000000
0.240000 100.000000
0.280000 50.000000
0.320000 75.000000
0.360000 0.000000
0.400000 50.000000
0.440000 100.000000
0.480000 0.000000
0.520000 50.000000
0.560000 75.000000
0.600000 50.000000
0.640000 50.000000
0.680000 50.000000
0.720000 125.000000
0.760000 125.000000
0.800000 375.000000
0.840000 575.000000
0.880000 925.000000
0.920000 1550.000000
0.960000 775.000000
1.000000 375.000000
1.040000 125.000000
1.080000 200.000000
1.120000 0.000000
1.160000 125.000000
1.200000 0.000000
1.240000 50.000000
1.280000 25.000000
1.320000 0.000000
1.360000 25.000000
1.400000 25.000000
1.440000 0.000000
1.480000 75.000000
1.520000 50.000000
1.560000 50.000000
1.600000 125.000000
1.640000 75.000000
1.680000 200.000000
1.720000 275.000000
1.760000 425.000000
1.800000 625.000000
1.840000 350.000000
1.880000 225.000000
1.920000 25.000000
1.960000 50.000000
2.000000 25.000000
2.040000 25.000000
2.080000 0.000000
2.120000 0.000000
2.160000 0.000000
2.200000 0.000000
2.240000 0.000000
2.280000 0.000000
2.320000 0.000000
2.360000 25.000000
2.400000 0.000000
2.440000 25.000000
2.480000 75.000000
2.520000 0.000000
2.560000 75.000000
2.600000 150.000000
2.640000 25.000000
2.680000 125.000000
2.720000 225.000000
2.760000 50.000000
2.800000 0.000000
2.840000 0.000000
2.880000 0.000000
2.920000 0.000000
2.960000 0.000000
3.000000 0.000000
3.040000 0.000000
3.080000 0.000000
3.120000 0.000000
3.160000 25.000000
3.200000 0.000000
3.240000 25.000000
3.280000 0.000000
3.320000 0.000000
3.360000 75.000000
3.400000 25.000000
3.440000 0.000000
3.480000 25.000000
3.520000 0.000000
3.560000 0.000000
3.600000 0.000000
3.640000 0.000000
3.680000 0.000000
3.720000 0.000000
3.760000 0.000000
3.800000 0.000000
3.840000 0.000000
3.880000 0.000000
3.920000 0.000000
3.960000 0.000000
4.000000 0.000000
